590011676
99788766
2131925611
171864073
317159277
171035633
602511921
963050650
1069979074
1919854382
33661027
589806849
2086105861
475191199
894416411
550050021
780437021
583787227
893281829
550277487
650366415
990569006
968873680
612872374
163967332
1764676461
2072834384
841258874
802348053
2082417968
1025141347
1392359728
34723085
1009583309
1564223800
351882362
1180618941
19252072
1314933011
103114366
1939106454
1348594038
692921214
1877728666
1823785236
1587337624
280295038
456738608
23641202
1173576866
1007016094
674007616
16662223
1975889774
1286879989
180629554
1593082586
1212230724
1021888428
247946990
1147165043
2047029774
1640306717
1181888128
909129434
1057046869
1533770489
2089748374
1076298940
701219851
45379091
867921745
2049813888
738300304
598166762
1726115475
178154279
878461799
35370434
201795480
2052038664
1042386528
875803095
2068700887
870792653
15199435
101846792
316391590
1227430159
1123735219
564338579
227111553
1023281344
57161647
1408999680
1932410777
1114208515
795286520
1874675502
43023807
1496506371
1920054592
910945551
1398836610
510871247
1509112313
977468437
689025525
240090463
1012838870
890821004
144645479
2055225397
1766624098
65862717
778534401
1781823533
167709508
1094925990
861770043
1291444727
1659264568
1088881595
167242422
1716426215
350397627
2099653199
683151081
1145684146
1826845052
726174887
494706868
1599415996
1637120438
1893543478
2110287242
998749102
723528266
651829119
1238839564
1736367135
1542650122
1383485042
1644108884
1161790572
1449347758
275159636
796130456
1617057266
1370085626
1657900498
761018344
881866545
599298444
928260765
450809111
949696070
880430315
1133960192
2095380216
559791719
1860135078
442603435
11724066
1349771867
188663264
2122011307
201037320
912191529
626356777
1439876884
501075016
21523251
675878277
2145183899
1183313822
2125226035
272859886
1979444277
1594799652
1642945511
1489861126
208334347
377328408
2089159569
1136595111
828137518
891371991
2017025426
1962097709
839268558
429333496
1674749139
1281871992
441057561
877037357
1470535256
415585219
1078074677
235243136
1041941996
